113383
340150
170075
510226
255113
765340
382670
191335
574006
287003
861010
430505
1291516
645758
322879
968638
484319
1452958
726479
2179438
1089719
3269158
1634579
4903738
2451869
7355608
3677804
1838902
919451
2758354
1379177
4137532
2068766
1034383
3103150
1551575
4654726
2327363
6982090
3491045
10473136
5236568
2618284
1309142
654571
1963714
981857
2945572
1472786
736393
2209180
1104590
552295
1656886
828443
2485330
1242665
3727996
1863998
931999
2795998
1397999
4193998
2096999
6290998
3145499
9436498
4718249
14154748
7077374
3538687
10616062
5308031
15924094
7962047
23886142
11943071
35829214
17914607
53743822
26871911
80615734
40307867
120923602
60461801
181385404
90692702
45346351
136039054
68019527
204058582
102029291
306087874
153043937
459131812
229565906
114782953
344348860
172174430
86087215
258261646
129130823
387392470
193696235
581088706
290544353
871633060
435816530
217908265
653724796
326862398
163431199
490293598
245146799
735440398
367720199
1103160598
551580299
1654740898
827370449
2482111348
7446334045
22339002136
67017006409
201051019228
603153057685
1809459173056
5428377519169
16285132557508
48855397672525
146566193017576
439698579052729
